-10.0309710629795,-2.24014689504448,-2.17737426594309
-9.21419987241578,-2.85219130925744,-2.16895433710752
-8.36889911913827,-3.47777371640265,-2.14902413764813
-7.48003405319111,-4.10585493049601,-2.12225207377383
-6.53960552514432,-4.72035538747177,-2.08511505530332
-5.54165071565113,-5.29808866132251,-2.03818247609353
-4.48939221455249,-5.82360908579105,-1.99075355678404
-3.39003143697765,-6.28622395488391,-1.94301639061457
-2.39655356659129,-6.63057426434389,-1.94447925522103
-1.11326159292884,-7.00873456923734,-1.84588977896739
0.0363807211551279,-7.26509263778194,-1.80268057488246
1.17425307737250,-7.45766523172060,-1.76406777070241
2.28879504190375,-7.59574388222105,-1.72938938457097
3.37148145015774,-7.68991965089925,-1.70095169155416
4.41627560647074,-7.75186868381864,-1.68153768919756
5.42603774166067,-7.79510983032863,-1.66863526456520
6.40673445474220,-7.83961690481832,-1.65805353803790
-10.1555441261317,-1.53924479852573,2.51111687660164
-9.34501189350707,-2.14251750668681,2.49250921313060
-9.47565008907777,-1.42110518958160,-2.15593635252369
-8.52409799383606,-2.76405947279844,2.49454785125402
-8.67349031242001,-2.03721088054249,-2.14430941549934
-7.67177686367498,-3.39319630792408,2.51654527165468
-7.85494418303577,-2.66789881204457,-2.12366717276687
-6.77449416149655,-4.01425351016306,2.55522286656185
-7.00074838161926,-3.29809576823760,-2.09055661325177
-5.82566793555766,-4.60720666317960,2.61023548687330
-6.09852269530645,-3.90924410482657,-2.05278335275107
-4.82231533835349,-5.15447398163217,-0.467948971964421
-5.14218711128572,-4.48255489088314,-2.01442482748158
-3.76761938054340,-5.64348926703943,-0.400829709463712
-4.12983515431575,-5.00306514418728,-1.97683621143318
-2.67352636665781,-6.06598340578252,-0.336316241100324
-3.06927852589075,-5.45715204576876,-1.93686753273215
-1.55500858111304,-6.41825868075010,-0.273794684931758
-2.07134204227008,-5.80117777439403,-1.94447925522103
-0.425119436982157,-6.69920895117781,-0.213302170876641
-0.858417356750383,-6.14628701366679,-1.87029489925995
0.702133090793929,-6.91246661147692,-0.160138774923288
0.260930785605781,-6.37935866243146,-1.83538022787479
1.81332115290697,-7.06611326947083,-0.114061512745278
1.37048166163714,-6.54826421325763,-1.80239452700501
2.89886281520248,-7.16955925294402,-0.0753594338005822
2.45878674280206,-6.66024694381975,-1.77144327361068
3.95258786493100,-7.23542635475231,-0.0490457812006654
3.51729597797312,-6.72595071271440,-1.74060663413958
4.97304751665871,-7.27743850662743,-0.0329886014213707
4.54299567611847,-6.76309937054244,-1.71468691899830
5.96313132118358,-7.31357458409237,-0.0400762074597939
5.53886743362250,-6.78562981022576,-1.69534119872015
6.93760920116541,-7.36210214872879,-0.0594559612955179
6.51008902542189,-6.81722998480786,1.45683748563531
-9.60281570569981,-0.711460445071699,2.50710256442929
-8.80412850799071,-1.31579856343728,2.48069657072643
-8.92257737259071,-0.584925255537049,-2.15440404965746
-8.00433650161972,-1.94105021978862,2.47548610610834
-8.13852051235314,-1.20301200228371,-2.13780621390551
-7.18391570098005,-2.57279827235810,2.49509096690024
-7.34739869557456,-1.83675166797783,-2.11445104962519
-6.32477691542916,-3.19308636290111,2.53691608915141
-6.53154395987540,-2.46937825297713,-2.08147152531393
-5.41504187103451,-3.78459233253011,2.59259759181285
-5.67066422423793,-3.08334949866333,-2.04480055813930
-4.44970692724798,-4.33114605343825,2.65951383463975
-4.75418251134343,-3.65923948896366,-2.00796404223815
-3.43149429966311,-4.81672792291661,-0.408373081377286
-3.77967491642446,-4.18188621264214,-1.97086136664460
-2.36906233451643,-5.22975640414571,-0.333494289553558
-2.75056943353283,-4.63372227942173,-1.94335401356096
-1.27671895092084,-5.56661609707616,-0.264663720845346
-1.74850538758208,-4.97783798413213,-1.94447925522103
-0.172367134162445,-5.82643672492044,-0.197057132364322
-0.586008015472587,-5.29286548121327,-1.88934790677550
0.929279356448997,-6.01515626421217,-0.141764424166303
0.512198197159656,-5.49948863705794,-1.86260276645518
2.01594725153224,-6.14239788760655,-0.0907265624329521
1.59895524443821,-5.63972082425695,-1.83185315704648
3.07721990557269,-6.21663840359013,-0.0482863734601445
2.66308037493180,-5.71918196475161,-1.79752577331347
4.10770378916059,-6.25362372850452,-0.0230708260879856
3.69790845886915,-5.75098363863208,-1.76708050994187
5.10881559308226,-6.27129067414077,-0.0120683444646640
4.69990177877731,-5.75751131417672,-1.73622631806908
6.08582513786081,-6.28928521094125,-0.0248983002792990
5.67684556906535,-5.75612218836540,1.42911402734122
7.04768067476465,-6.33016134700310,-0.0601934033338691
6.63320177471777,-5.76926022298160,1.45096493535956
-9.03467641912161,0.134131726968556,2.49176057558366
-8.25696937695314,-0.472138694383486,2.46722897770485
-8.34763852442933,0.264548447493548,-2.17687138658440
-7.48158270630798,-1.09871345047293,2.45672513506890
-7.58742809741524,-0.356592269711693,-2.15785614085692
-6.69502695446991,-1.73333164859686,2.46858676252479
-6.82631990966644,-0.992454471003544,-2.13288005626646
-5.87743126868417,-2.35964138873935,2.50678117684086
-6.05139959424208,-1.62959891379743,-2.09876526333481
-5.00980486454686,-2.95799665509688,2.56819620834063
-5.23886598662384,-2.25188838916917,-2.05471758888840
-4.08415050051991,-3.50997964816755,2.63881680651833
-4.36891875760975,-2.83713068535783,-2.01010596031257
-3.09875005029418,-3.99888056914726,-0.419175354563551
-3.43552569609965,-3.36931107276442,-1.97198760265482
-2.06129917574668,-4.40814861380752,-0.332662876331354
-2.43641493830583,-3.82553507624730,-1.93967590017433
-0.989081141282022,-4.73043212266861,-0.251300071054631
-1.43257696860451,-4.17211647004273,-1.94447925522103
0.0985573158495146,-4.96591739335077,-0.174673456610236
-0.305810512314395,-4.45732119649479,-1.89948150007065
1.18187408514887,-5.12405319710271,-0.114589966521773
0.779737989592894,-4.63309362716939,-1.87811758430656
2.24608836783777,-5.21650490140201,-0.0579235841085995
1.84876954725156,-4.73376487339910,-1.84785061523476
3.28376892822825,-5.25352719979356,-0.0127492562113244
2.88916330998663,-4.77050428127427,-1.81187693383534
4.29010644848587,-5.25487122430427,0.0104749297397087
3.89743227878191,-4.75989216093627,-1.77178973018684
5.26793175476040,-5.24234282840135,0.0152033442878885
4.87345347109352,-4.72831774794973,1.40215509859696
6.22422220592231,-5.23609720040575,-0.00232937306159031
5.82439242002184,-4.69552482642724,1.43590525844965
7.16466180924295,-5.25715407637383,-0.0426680782619848
6.75652631015187,-4.68187075964315,1.46448704576626
-8.42940387875613,0.991411231173164,2.47161335115396
-7.67809724489142,0.380094872165340,2.44564142194496
-7.73316268839298,1.11936259433321,-2.21082612329034
-6.93216530077370,-0.250333290242309,2.43423912552205
-7.00078502955559,0.492340767881437,-2.19271504130711
-6.18269254943862,-0.888721736204106,2.43787428831472
-6.27197465744457,-0.146416252503902,-2.16842251748099
-5.41283431218175,-1.52184591422725,2.46856340447152
-5.54006510036119,-0.788246421559981,-2.13466974561326
-4.59797987968673,-2.13102241943012,2.52994556492415
-4.78319937558483,-1.41805023360359,-2.08683558603439
-3.72029395318948,-2.69646210995470,2.60754611348767
-3.97444249576150,-2.01718904969262,-2.02825110341230
-2.77319058411129,-3.19596557986446,-0.437761832657488
-3.09425467437856,-2.56770464805373,-1.97460395937399
-1.76110532262616,-3.60743530512573,-0.335385499262581
-2.13217786691541,-3.03813612239640,-1.93933600808123
-0.702718931099386,-3.91693791651213,-0.233702505112442
-1.12774753441331,-3.39470102242202,-1.94447925522103
0.375370161428985,-4.12449743031341,-0.146197154912953
-0.0274434288855736,-3.64986957194481,-1.90622456315316
1.44663345169558,-4.24280530346577,-0.0728200945569951
1.05092249320752,-3.78528793803898,-1.88269015690309
2.49184448940042,-4.28776425327136,-0.0121322455251265
2.10451615343135,-3.83149811416334,-1.84614559967190
3.50282666054029,-4.27686924241698,0.0345012170384954
3.11986346633590,-3.81142827879097,-1.80188598056482
4.48077930138956,-4.23333868458173,0.0547670091927543
4.09582268521752,-3.74653680249830,1.38495627927237
5.42991413635496,-4.18149974597562,0.0543526487102102
5.03968853252917,-3.66741882343809,1.42818760391505
6.35669652425141,-4.14129838566464,0.0321307251018231
5.95853275424916,-3.59353021750263,1.46290866257144
7.26995031509761,-4.13299870545783,-0.0142147979154653
6.86144826584169,-3.54474845989856,1.49247208092289
-7.77880332493967,1.85130797295289,2.44475017264090
-7.05585047305714,1.23160849004930,2.42122224885230
-7.07292597940232,1.96913835684169,-2.25142652195881
-6.34059438622646,0.596257805619845,2.40936883065207
-6.36810418385845,1.33455516964063,-2.23700773513606
-5.62934720836715,-0.0459409378597764,2.40496706097050
-5.67081531398670,0.691765048101685,-2.21709292079435
-4.91043016376427,-0.684450740936323,2.42569083751006
-4.97883456513809,0.0471533968039113,-2.18936875016813
-4.15966199165960,-1.30421686386610,2.47679760209097
-4.27780906833127,-0.586244481437597,-2.14582221757778
-3.34840321695058,-1.88843158779166,2.55677998931571
-3.54603722673701,-1.19963390091567,-2.07814054880164
-2.45324195718268,-2.40987519058568,2.66933470692029
-2.74449502414042,-1.77536032419143,-1.99839131441291
-1.47209970812487,-2.83573963861117,-0.348415028929575
-1.83732463526352,-2.27564886539220,-1.94024782196908
-0.425751661621808,-3.13797047677318,-0.214659830170298
-0.838425728665076,-2.65683513450677,-1.94447925522103
0.648108902892961,-3.31066007967038,-0.103428577180049
0.239249354454115,-2.88101030282833,-1.90304258222117
1.70880519494329,-3.37398074873655,-0.0143304094787904
1.31083742209085,-2.95831463542491,-1.86771650019936
2.73253513036683,-3.35516213968295,0.0524834447988781
2.34458178438450,-2.93117474224578,1.32509163941215
3.71285949101312,-3.28109583887229,0.0992754125162972
3.32753184868186,-2.83659592880505,1.38187232469968
4.65473191635713,-3.18061694135465,0.113527345117056
4.26669991001581,-2.70484610325329,1.43095387983988
5.56830715042337,-3.07944929496510,0.106966947270556
5.17252818949252,-2.56906332913139,1.47203185363280
6.46328449583944,-2.99698029173656,0.0765150832839791
6.05704391420994,-2.44584499479746,1.50665396411703
7.34605824235050,-2.95089762543452,0.0274607542634254
6.92745890706072,-2.35363299518497,1.53741313584854
-7.08154577162112,2.70332307103659,2.41469244567438
-6.38517969020362,2.07208503643301,2.39576194132990
-6.36761823044022,2.80579556684700,-2.29073464549170
-5.69832511161869,1.43006241212247,2.38405962432998
-5.68740833296262,2.16024743605317,-2.28317377863703
-5.02030267075764,0.784859382765372,2.37790444211343
-5.01608889002428,1.51048772533028,-2.27321552937488
-4.34621346970508,0.145359656302637,2.38717381956893
-4.35398753980435,0.863033450521641,-2.25874381269383
-3.66418430340867,-0.481661518487170,2.40918273254591
-3.69740706145821,0.228792323283180,-2.23225948665859
-2.94212903392685,-1.08656263731544,2.47823170211781
-3.03860700724881,-0.390727828163961,-2.18148288081416
-2.12857770222126,-1.64113399899795,2.60458694241415
-2.34838920696850,-0.988940480753504,-2.07505818518502
-1.19673090151429,-2.09944513289520,-0.381067641828375
-1.54228884807396,-1.53643204653873,-1.96104026972598
-0.166504958299714,-2.40257573216932,-0.193193175319648
-0.570222277814200,-1.97282800655381,-1.94447925522103
0.901977873652002,-2.52866485858286,-0.0402163358152949
0.483783492031942,-2.15553246834785,-1.88827508416229
1.94661401153206,-2.51550862893414,0.0676862276978405
1.53995104410942,-2.15172704305238,-1.82666660244870
2.93957850269952,-2.41260853136788,0.140675468667624
2.53621553243974,-2.02609987347415,1.39941645849381
3.88137226768455,-2.26034619318605,0.180716757968452
3.47644750869569,-1.84339067162129,1.46184841646162
4.78449618315120,-2.09329249103002,0.185173582761928
4.37703541218062,-1.63585413578883,1.50439255729833
5.66126495327909,-1.93545902896375,0.170863320346137
5.24839934782719,-1.43495734951279,1.53517893302550
6.52121832543122,-1.80249769824588,0.135562113492098
6.09836699900712,-1.25329116493857,1.56464237804157
7.37213141655254,-1.71318134532722,0.0732329204164911
6.93493609076321,-1.11166371186037,1.59113892018021
-6.34282691270654,3.54093914843307,2.38298621225235
-5.66984687319922,2.89395796646716,2.36880202011108
-5.61972536943232,3.61803973206420,-2.33910219285333
-5.00517211136821,2.24067274926098,2.36085050325753
-4.96024362226654,2.95819741067474,-2.33631519512557
-4.34977375907098,1.58866179308655,2.35669695910192
-4.30905862343373,2.29676147023967,-2.33303675182230
-3.70518113155747,0.946466117502184,2.35944585421522
-3.66499256162530,1.64292556721085,-2.32978245268009
-3.07182976529835,0.319726013606389,2.36347924539246
-3.03251090993898,1.00442004255698,-2.32595338935157
-2.44486718029046,-0.293105671602025,2.37174979669572
-2.41652724178435,0.384269470511542,-2.31068296556871
-1.76210035282120,-0.884238528294284,2.48034550438535
-1.82052368670935,-0.217379365848607,-2.25825701132192
-0.927484100057270,-1.40517367492747,-0.465022731187008
-1.19654255293499,-0.809551425229572,-2.06620005614525
0.0683622968340630,-1.72114349746247,-0.154571942318640
-0.328376348185103,-1.35604123812147,-1.94447925522103
1.12175666248936,-1.77859465281738,0.0483567637177295
0.699515442379538,-1.46708375587731,-1.85991491990296
2.12955256501710,-1.66231828759239,0.185320744627228
1.69680917351904,-1.34592597898070,1.44231589772654
3.07308453843590,-1.45688201372756,0.244779090852082
2.63318489389680,-1.11298021734994,1.53098300316602
3.97211065319176,-1.21889861422407,0.273214729856198
3.52519411464856,-0.840796051858668,1.58285193862965
4.84093857685661,-0.977518994271596,0.268691258081668
4.39053176250638,-0.554217848606474,1.61225448677570
5.68550139355522,-0.752789485487617,0.251159543923152
5.23659328621171,-0.279007837637349,1.62637208267542
6.51208476433911,-0.562457178553071,0.200782899143970
6.06343152654555,-0.0249390544783563,1.63299604416602
7.33038673118333,-0.424601994196625,0.132481725774287
6.87192117979237,0.177586344728365,1.64701643772357
-5.55821501362701,4.34813572718883,2.34234588520373
-4.91012211849964,3.68227917627178,2.34300440730360
-4.83003141318907,4.39602702333070,-2.38813072528505
-4.26413013433205,3.01428613165343,2.33588164150850
-4.19119873091283,3.71729188356236,-2.38918731447663
-3.62427742598804,2.35102524436398,2.34061163899189
-3.55518619883950,3.04096216807894,-2.39226123966695
-2.99232234000681,1.70087949226565,2.34343296843242
-2.92197967435930,2.37410348624670,3.88439017911428
-2.37720838642498,1.06896349946213,2.34198548669983
-2.29710263131935,1.72190724022891,3.87187924951357
-1.79218374820323,0.459995776264961,2.32998679883403
-1.68709753083306,1.08801617946723,3.84601152512654
-1.25496588682314,-0.142692262783894,-0.875069135592381
-1.11554220636483,0.472275356065522,3.80942583088521
-0.621501421978780,-0.750609164230866,2.46675084880421
-0.611332319287831,-0.129475786672565,3.82592630588259
0.278710176444414,-1.09217167234360,-0.0730367087318843
-0.0940128446691946,-0.758337120488608,-1.94447925522103
1.27456795340922,-1.03441508204063,0.199219261315659
0.826061046230581,-0.742306052234021,1.50294585199351
2.20044150239874,-0.796587908738245,0.304931510122144
1.72373720942577,-0.523105462840557,1.63258790679725
3.08529447010945,-0.496894255481043,0.348725550388430
2.59016333289776,-0.202867577811821,1.70561683417491
3.94361522396318,-0.176115286241070,0.366721664383723
3.43470492573806,0.148568405660230,1.74223133554615
4.78618647186149,0.144293308027773,0.359993073887674
4.27118473566259,0.510614933203919,1.75375813796813
5.60166698352859,0.441433186322920,0.326724889209613
5.10290353035858,0.866576839853993,1.74837656056161
6.41705639200097,0.720396396980719,0.332776772537591
5.92658907825161,1.20905479392917,1.72958447080311
7.22906040869484,0.975665895718689,0.276367527933746
6.73029638353836,1.50912633795776,1.70551578688183
-4.73405633683328,5.12071532095013,2.30192791079932
-4.11110802560226,4.43103973062129,2.30885312348818
-4.00214569749810,5.13289644904555,-2.44056599850481
-3.48225479542028,3.74396791998788,2.31511949923079
-3.38472083672915,4.43142935623915,-2.44457972776881
-2.85288844721076,3.06404040996166,-3.96309261883907
-2.76147974969726,3.73615238700515,-2.45251223849690
-2.22675996567184,2.39513123420996,-3.95688819309770
-2.13743999870314,3.04829281946743,-2.46499106304736
-1.60699177572743,1.74095992023400,-3.95103652234441
-1.51520968819965,2.37013156018069,-2.48819628541241
-1.01045598899466,1.10029575926779,2.30846610281079
-0.896411218206570,1.69847854450099,-2.53283246136924
-0.471908638829526,0.485491832176852,2.26996503623085
-0.301426641601018,1.02134692583837,-2.62546738228300
-0.0977210129972099,-0.131394164834211,1.94148111805539
0.227432634687938,0.317138781072540,-2.86219575878596
0.439460754098007,-0.402661922282930,0.116526301313334
1.27134024105840,-0.254538732406287,0.341550922939409
0.764614401783155,0.0458710236238204,1.78679760862595
2.11345903992479,0.0706148680858663,0.405393853434850
1.56960394888428,0.294886868447836,1.87962379884314
2.93957378852637,0.442595083329451,0.440695897048668
2.37234695047022,0.675006520040365,1.92285807288452
3.76227443743748,0.835298625105218,0.449971660270022
3.18105165108540,1.08954594788278,1.92809750003783
4.58790179415969,1.23289846503014,0.447626843089181
3.99833827343192,1.52061500680639,1.91794651037591
5.41496918940815,1.62678904041125,0.441297273115810
4.82513430594803,1.95607205278229,1.89515749521755
6.23361751979117,2.00307666308386,0.420076763425958
5.65623218933157,2.39617341855899,1.86219332040140
7.08407717194621,2.37791151972135,0.456062141256085
6.48114229250108,2.82895284251172,1.81058809021256
-3.87505053488643,5.84692795657090,2.26224061619896
-3.27575850862498,5.13328607466341,2.27632843927817
-3.14245374770985,5.82030284644629,-2.49388902260701
-2.66394579100613,4.42361382325643,2.28821800968726
-2.54536848724621,5.09525731089904,-2.50058737485073
-2.04603130118964,3.72040479651092,2.29523640215582
-1.93643490458286,4.37558507731494,-2.51242258534116
-1.42588972123095,3.02329314543816,2.30043008594329
-1.32148101264106,3.66056884229914,-2.53124526994079
-0.804629130678795,2.32765018444768,2.29911509070892
-0.705292333630461,2.94609935256131,-2.55954783204688
-0.187381870812927,1.61952971107157,2.27649035815265
-0.0887490635134223,2.21815235541089,-2.60848065077427
0.397914631916446,0.852993874734053,2.17161902652543
0.514119957559323,1.44728023438678,-2.69879110367017
1.04854093823886,0.561653548446548,0.358078974687659
-2.98885997335663,6.52232194301481,2.22241758134709
-2.41206372633107,5.78227408268192,2.24319806881848
-2.26054734367485,6.45817241710229,-2.53721289866615
-1.81785760082294,5.04722856495755,2.25802534048904
-1.68358468832971,5.70835940845807,-2.54618458317052
-1.21188461603428,4.31574912310315,2.26721455270719
-1.08992835221967,4.96209173837217,-2.55925722084691
-0.600883625040569,3.58337504942229,2.26496996157926
-0.485939651688862,4.21592775974710,-2.57912751161014
0.0105877335349116,2.83660152352452,2.24899739557034
0.118953179423441,3.45884486537436,-2.61123235311657
0.612752764858827,2.04590287872611,2.19537695266013
0.719415504152018,2.67079128327227,-2.65429860967275
1.17519337406318,1.16604068475833,2.08706037268070
1.29890890994820,1.82229117488257,-2.69282039277461
1.86385043865266,0.909113374093933,0.468308187941938
-2.08930086146307,7.14959400217210,2.18994968045438
-1.53206830567349,6.38425774287843,2.21022962366359
-1.36744531334000,7.05011697554340,-2.57569157051529
-0.955655439726439,5.62322258187269,2.22772781477718
-0.807989103937770,6.27691794042062,-2.58542990020787
-0.363983387874258,4.86227037501612,2.23561912086979
-0.231384767433652,5.50457665457543,-2.59715451061862
0.233897152775147,4.09139757569918,2.22540318025833
0.358587890316930,4.72728006853312,-2.61543141746969
0.827780950040548,3.29303462512211,2.19570536986916
0.948098551847484,3.93107708408452,-2.63666235955447
1.40557164924140,2.44717957942874,2.14529028883613
1.52720976310697,3.09912740561193,-2.65377409063079
1.95220739531474,1.55552901052658,2.09644716341364
2.08570734763173,2.22405796476154,-2.64709018265509
2.61382481302925,1.32195738459369,0.506572351147488
-1.18545819288587,7.73085094603487,2.16241108119761
-0.643366111604283,6.94277717308559,2.18420839097517
-0.471197407523381,7.60132794403379,-2.60497511778665
-0.0837184316449839,6.15827201312337,2.19661547335527
0.0739373216529624,6.80762600973848,-2.61456038970156
0.491186510757536,5.36958634809244,2.20468861996297
0.634342580758746,6.01228756607326,-2.62536352322246
1.07278928938927,4.56695957691847,2.19113498587471
1.20772656110939,5.20986576268755,-2.63421598164305
1.64752736491391,3.73716986457434,2.16228217846595
1.78190633987921,4.38760804476896,-2.64462266177998
2.20734546149730,2.87600579094473,2.13237430610949
2.34294894796252,3.53760581839101,-2.64309885312861
2.74732476534624,1.99048633882865,2.10446245206618
2.88953319919990,2.66353297391717,-2.63561147913684
3.41711548707985,1.77486232958394,0.520026178182899
-0.282786548592124,8.27395672554838,2.13982783642900
0.246106025733865,7.46617678068668,2.16114275236830
0.422275831762289,8.11978644287457,-2.62684080392102
0.791998334056693,6.66164156268837,2.17271491097558
0.956063390867769,7.31048528731912,-2.63250990859530
1.35088263111060,5.85256698066837,2.17785538618838
1.50331041936892,6.49916749450317,-2.63642474718394
1.91684361159933,5.03051423053804,2.16970426651542
2.06196668209435,5.68210002632807,-2.63895630046210
2.47732792292782,4.18804399858564,2.14610119722286
2.62142261660576,4.84815305870928,-2.63510027331410
3.02513668566511,3.32513300136344,2.12687244539042
3.17079212617026,3.99373309284305,-2.63298955162934
3.55932392093350,2.44790896467246,2.10866945576320
3.70936214221260,3.12364746655826,-2.62483836496384
4.23557078522026,2.24378859455853,0.520539201285462
0.613902043475998,8.78616088924751,2.12008786058270
1.13223319689619,7.96409494950700,2.14662696414776
1.30914736597056,8.61554243408174,-2.63697224254930
1.66737547618000,7.14801121913392,2.15573391911738
1.83578773691101,7.79870897100617,-2.63738500231081
2.21439447035268,6.32870054016287,2.16319572818212
2.37270774890847,6.98177899286587,-2.63324758479912
2.76654568710078,5.49973885449931,2.15363782119999
2.92038582291574,6.15821601821231,-2.63144823666475
3.31488681984820,4.65384215296670,2.13832156237980
3.46761633568895,5.31998267063525,-2.63080923694606
3.85501758271775,3.79224755803787,2.12323066360986
4.00819477457995,4.46521437441937,-2.62467230469855
4.38560900649936,2.91952709644434,2.11091111370237
4.54058920174373,3.59952753397078,0.523107358294388
5.06639730587145,2.72545643093002,0.530168632926502
1.49944735303345,9.27782983016275,2.11152119295677
2.01270190598538,8.45015645558090,2.14029453703008
2.18905060069139,9.10322395808255,-2.63401268948269
2.54112000963948,7.63247674473811,2.14873974460616
2.71109108023791,8.28634967138212,-2.62922292987161
3.07869910147153,6.81129447091530,2.15209248547752
3.24218151185657,7.47059916277981,-2.62562626714586
3.62145647150391,5.97845983434825,2.14468461056757
3.78019776172213,6.64521534073874,-2.62107978035989
4.16092429042070,5.13135489208792,2.13109278613756
4.31917419767796,5.80490757514979,-2.61712526404692
4.69376639360593,4.27249435035228,2.12110258964845
4.85281110932008,4.95151614353691,-2.61377037540043
5.22137750111582,3.40545686845646,2.11382594851786
5.38017264412856,4.08858379662007,0.531739573738683
5.90375696204148,3.22204959798685,0.540357261787378
2.37250986873275,9.76561762463470,2.11781291090192
2.88743977494392,8.93941717388377,2.13860122791572
3.06147604848741,9.60209394464313,-2.61033383850202
3.41215258245500,8.12447208942381,2.14706895501706
3.58033636226450,8.78922661094337,-2.60508105269980
3.94368017210716,7.30452003260324,2.14481380152220
4.10885444672612,7.97444596670179,-2.60442649223901
4.47791548789618,6.47166308154028,2.13750936684547
4.63957672800754,7.14830882158574,-2.60292309456076
5.01106101657735,5.62506882659878,2.12814387753901
5.17159407916992,6.30631437446597,-2.60270421573336
5.53921735984272,4.76760558980470,2.11760572421857
5.70166457377250,5.45259120905840,-2.60295287020719
6.06255210505422,3.90517652615046,2.11481603163600
6.22529537105906,4.59092137284045,0.540789997016139
6.74704861409879,3.72794020733529,0.540334684857719